unsigned char arr[75][100] = {
	{1, 1, 1, 1, 1, 1, 1, 1, 1, 1, 21, 21, 21, 21, 21, 21, 21, 21, 21, 21, 1, 1, 1, 1, 1, 1, 1, 1, 1, 1, 21, 21, 21, 21, 21, 21, 21, 21, 21, 21, 17, 17, 17, 17, 17, 17, 17, 17, 17, 17, 4, 4, 4, 4, 4, 4, 4, 4, 4, 4, 17, 17, 17, 17, 17, 17, 17, 17, 17, 17, 0, 0, 0, 0, 0, 0, 0, 0, 0, 0, 17, 17, 17, 17, 17, 17, 17, 17, 17, 17, 16, 16, 16, 16, 16, 16, 16, 16, 16, 16},
	{1, 1, 1, 1, 1, 1, 1, 1, 1, 1, 21, 21, 21, 21, 21, 21, 21, 21, 21, 21, 1, 1, 1, 1, 1, 1, 1, 1, 1, 1, 21, 21, 21, 21, 21, 21, 21, 21, 21, 21, 17, 17, 17, 17, 17, 17, 17, 17, 17, 17, 4, 4, 4, 4, 4, 4, 4, 4, 4, 4, 17, 17, 17, 17, 17, 17, 17, 17, 17, 17, 0, 0, 0, 0, 0, 0, 0, 0, 0, 0, 17, 17, 17, 17, 17, 17, 17, 17, 17, 17, 16, 16, 16, 16, 16, 16, 16, 16, 16, 16},
	{1, 1, 1, 1, 1, 1, 1, 1, 1, 1, 21, 21, 21, 21, 21, 21, 21, 21, 21, 21, 1, 1, 1, 1, 1, 1, 1, 1, 1, 1, 21, 21, 21, 21, 21, 21, 21, 21, 21, 21, 17, 17, 17, 17, 17, 17, 17, 17, 17, 17, 4, 4, 4, 4, 4, 4, 4, 4, 4, 4, 17, 17, 17, 17, 17, 17, 17, 17, 17, 17, 0, 0, 0, 0, 0, 0, 0, 0, 0, 0, 17, 17, 17, 17, 17, 17, 17, 17, 17, 17, 16, 16, 16, 16, 16, 16, 16, 16, 16, 16},
	{1, 1, 1, 1, 1, 1, 1, 1, 1, 1, 21, 21, 21, 21, 21, 21, 21, 21, 21, 21, 1, 1, 1, 1, 1, 1, 1, 1, 1, 1, 21, 21, 21, 21, 21, 21, 21, 21, 21, 21, 17, 17, 17, 17, 17, 17, 17, 17, 17, 17, 4, 4, 4, 4, 4, 4, 4, 4, 4, 4, 17, 17, 17, 17, 17, 17, 17, 17, 17, 17, 0, 0, 0, 0, 0, 0, 0, 0, 0, 0, 17, 17, 17, 17, 17, 17, 17, 17, 17, 17, 16, 16, 16, 16, 16, 16, 16, 16, 16, 16},
	{1, 1, 1, 1, 1, 1, 1, 1, 1, 1, 21, 21, 21, 21, 21, 21, 21, 21, 21, 21, 1, 1, 1, 1, 1, 1, 1, 1, 1, 1, 21, 21, 21, 21, 21, 21, 21, 21, 21, 21, 17, 17, 17, 17, 17, 17, 17, 17, 17, 17, 4, 4, 4, 4, 4, 4, 4, 4, 4, 4, 17, 17, 17, 17, 17, 17, 17, 17, 17, 17, 0, 0, 0, 0, 0, 0, 0, 0, 0, 0, 17, 17, 17, 17, 17, 17, 17, 17, 17, 17, 16, 16, 16, 16, 16, 16, 16, 16, 16, 16},
	{1, 1, 1, 1, 1, 1, 1, 1, 1, 1, 21, 21, 21, 21, 21, 21, 21, 21, 21, 21, 1, 1, 1, 1, 1, 1, 1, 1, 1, 1, 21, 21, 21, 21, 21, 21, 21, 21, 21, 21, 17, 17, 17, 17, 17, 17, 17, 17, 17, 17, 4, 4, 4, 4, 4, 4, 4, 4, 4, 4, 17, 17, 17, 17, 17, 17, 17, 17, 17, 17, 0, 0, 0, 0, 0, 0, 0, 0, 0, 0, 17, 17, 17, 17, 17, 17, 17, 17, 17, 17, 16, 16, 16, 16, 16, 16, 16, 16, 16, 16},
	{1, 1, 1, 1, 1, 1, 1, 1, 1, 1, 21, 21, 21, 21, 21, 21, 21, 21, 21, 21, 1, 1, 1, 1, 1, 1, 1, 1, 1, 1, 21, 21, 21, 21, 21, 21, 21, 21, 21, 21, 17, 17, 17, 17, 17, 17, 17, 17, 17, 17, 4, 4, 4, 4, 4, 4, 4, 4, 4, 4, 17, 17, 17, 17, 17, 17, 17, 17, 17, 17, 0, 0, 0, 0, 0, 0, 0, 0, 0, 0, 17, 17, 17, 17, 17, 17, 17, 17, 17, 17, 16, 16, 16, 16, 16, 16, 16, 16, 16, 16},
	{1, 1, 1, 1, 1, 1, 1, 1, 1, 1, 21, 21, 21, 21, 21, 21, 21, 21, 21, 21, 1, 1, 1, 1, 1, 1, 1, 1, 1, 1, 21, 21, 21, 21, 21, 21, 21, 21, 21, 21, 17, 17, 17, 17, 17, 17, 17, 17, 17, 17, 4, 4, 4, 4, 4, 4, 4, 4, 4, 4, 17, 17, 17, 17, 17, 17, 17, 17, 17, 17, 0, 0, 0, 0, 0, 0, 0, 0, 0, 0, 17, 17, 17, 17, 17, 17, 17, 17, 17, 17, 16, 16, 16, 16, 16, 16, 16, 16, 16, 16},
	{1, 1, 1, 1, 1, 1, 1, 1, 1, 1, 21, 21, 21, 21, 21, 21, 21, 21, 21, 21, 1, 1, 1, 1, 1, 1, 1, 1, 1, 1, 21, 21, 21, 21, 21, 21, 21, 21, 21, 21, 17, 17, 17, 17, 17, 17, 17, 17, 17, 17, 4, 4, 4, 4, 4, 4, 4, 4, 4, 4, 17, 17, 17, 17, 17, 17, 17, 17, 17, 17, 0, 0, 0, 0, 0, 0, 0, 0, 0, 0, 17, 17, 17, 17, 17, 17, 17, 17, 17, 17, 16, 16, 16, 16, 16, 16, 16, 16, 16, 16},
	{1, 1, 1, 1, 1, 1, 1, 1, 1, 1, 21, 21, 21, 21, 21, 21, 21, 21, 21, 21, 1, 1, 1, 1, 1, 1, 1, 1, 1, 1, 21, 21, 21, 21, 21, 21, 21, 21, 21, 21, 17, 17, 17, 17, 17, 17, 17, 17, 17, 17, 4, 4, 4, 4, 4, 4, 4, 4, 4, 4, 17, 17, 17, 17, 17, 17, 17, 17, 17, 17, 0, 0, 0, 0, 0, 0, 0, 0, 0, 0, 17, 17, 17, 17, 17, 17, 17, 17, 17, 17, 16, 16, 16, 16, 16, 16, 16, 16, 16, 16},
	{21, 21, 21, 21, 21, 21, 21, 21, 21, 21, 0, 0, 0, 0, 0, 0, 0, 0, 0, 0, 21, 21, 21, 21, 21, 21, 21, 21, 21, 21, 0, 0, 0, 0, 0, 0, 0, 0, 0, 0, 21, 21, 21, 21, 21, 21, 21, 21, 21, 21, 17, 17, 17, 17, 17, 17, 17, 17, 17, 17, 4, 4, 4, 4, 4, 4, 4, 4, 4, 4, 17, 17, 17, 17, 17, 17, 17, 17, 17, 17, 4, 4, 4, 4, 4, 4, 4, 4, 4, 4, 17, 17, 17, 17, 17, 17, 17, 17, 17, 17},
	{21, 21, 21, 21, 21, 21, 21, 21, 21, 21, 0, 0, 0, 0, 0, 0, 0, 0, 0, 0, 21, 21, 21, 21, 21, 21, 21, 21, 21, 21, 0, 0, 0, 0, 0, 0, 0, 0, 0, 0, 21, 21, 21, 21, 21, 21, 21, 21, 21, 21, 17, 17, 17, 17, 17, 17, 17, 17, 17, 17, 4, 4, 4, 4, 4, 4, 4, 4, 4, 4, 17, 17, 17, 17, 17, 17, 17, 17, 17, 17, 4, 4, 4, 4, 4, 4, 4, 4, 4, 4, 17, 17, 17, 17, 17, 17, 17, 17, 17, 17},
	{21, 21, 21, 21, 21, 21, 21, 21, 21, 21, 0, 0, 0, 0, 0, 0, 0, 0, 0, 0, 21, 21, 21, 21, 21, 21, 21, 21, 21, 21, 0, 0, 0, 0, 0, 0, 0, 0, 0, 0, 21, 21, 21, 21, 21, 21, 21, 21, 21, 21, 17, 17, 17, 17, 17, 17, 17, 17, 17, 17, 4, 4, 4, 4, 4, 4, 4, 4, 4, 4, 17, 17, 17, 17, 17, 17, 17, 17, 17, 17, 4, 4, 4, 4, 4, 4, 4, 4, 4, 4, 17, 17, 17, 17, 17, 17, 17, 17, 17, 17},
	{21, 21, 21, 21, 21, 21, 21, 21, 21, 21, 0, 0, 0, 0, 0, 0, 0, 0, 0, 0, 21, 21, 21, 21, 21, 21, 21, 21, 21, 21, 0, 0, 0, 0, 0, 0, 0, 0, 0, 0, 21, 21, 21, 21, 21, 21, 21, 21, 21, 21, 17, 17, 17, 17, 17, 17, 17, 17, 17, 17, 4, 4, 4, 4, 4, 4, 4, 4, 4, 4, 17, 17, 17, 17, 17, 17, 17, 17, 17, 17, 4, 4, 4, 4, 4, 4, 4, 4, 4, 4, 17, 17, 17, 17, 17, 17, 17, 17, 17, 17},
	{21, 21, 21, 21, 21, 21, 21, 21, 21, 21, 0, 0, 0, 0, 0, 0, 0, 0, 0, 0, 21, 21, 21, 21, 21, 21, 21, 21, 21, 21, 0, 0, 0, 0, 0, 0, 0, 0, 0, 0, 21, 21, 21, 21, 21, 21, 21, 21, 21, 21, 17, 17, 17, 17, 17, 17, 17, 17, 17, 17, 4, 4, 4, 4, 4, 4, 4, 4, 4, 4, 17, 17, 17, 17, 17, 17, 17, 17, 17, 17, 4, 4, 4, 4, 4, 4, 4, 4, 4, 4, 17, 17, 17, 17, 17, 17, 17, 17, 17, 17},
	{21, 21, 21, 21, 21, 21, 21, 21, 21, 21, 0, 0, 0, 0, 0, 0, 0, 0, 0, 0, 21, 21, 21, 21, 21, 21, 21, 21, 21, 21, 0, 0, 0, 0, 0, 0, 0, 0, 0, 0, 21, 21, 21, 21, 21, 21, 21, 21, 21, 21, 17, 17, 17, 17, 17, 17, 17, 17, 17, 17, 4, 4, 4, 4, 4, 4, 4, 4, 4, 4, 17, 17, 17, 17, 17, 17, 17, 17, 17, 17, 4, 4, 4, 4, 4, 4, 4, 4, 4, 4, 17, 17, 17, 17, 17, 17, 17, 17, 17, 17},
	{21, 21, 21, 21, 21, 21, 21, 21, 21, 21, 0, 0, 0, 0, 0, 0, 0, 0, 0, 0, 21, 21, 21, 21, 21, 21, 21, 21, 21, 21, 0, 0, 0, 0, 0, 0, 0, 0, 0, 0, 21, 21, 21, 21, 21, 21, 21, 21, 21, 21, 17, 17, 17, 17, 17, 17, 17, 17, 17, 17, 4, 4, 4, 4, 4, 4, 4, 4, 4, 4, 17, 17, 17, 17, 17, 17, 17, 17, 17, 17, 4, 4, 4, 4, 4, 4, 4, 4, 4, 4, 17, 17, 17, 17, 17, 17, 17, 17, 17, 17},
	{21, 21, 21, 21, 21, 21, 21, 21, 21, 21, 0, 0, 0, 0, 0, 0, 0, 0, 0, 0, 21, 21, 21, 21, 21, 21, 21, 21, 21, 21, 0, 0, 0, 0, 0, 0, 0, 0, 0, 0, 21, 21, 21, 21, 21, 21, 21, 21, 21, 21, 17, 17, 17, 17, 17, 17, 17, 17, 17, 17, 4, 4, 4, 4, 4, 4, 4, 4, 4, 4, 17, 17, 17, 17, 17, 17, 17, 17, 17, 17, 4, 4, 4, 4, 4, 4, 4, 4, 4, 4, 17, 17, 17, 17, 17, 17, 17, 17, 17, 17},
	{21, 21, 21, 21, 21, 21, 21, 21, 21, 21, 0, 0, 0, 0, 0, 0, 0, 0, 0, 0, 21, 21, 21, 21, 21, 21, 21, 21, 21, 21, 0, 0, 0, 0, 0, 0, 0, 0, 0, 0, 21, 21, 21, 21, 21, 21, 21, 21, 21, 21, 17, 17, 17, 17, 17, 17, 17, 17, 17, 17, 4, 4, 4, 4, 4, 4, 4, 4, 4, 4, 17, 17, 17, 17, 17, 17, 17, 17, 17, 17, 4, 4, 4, 4, 4, 4, 4, 4, 4, 4, 17, 17, 17, 17, 17, 17, 17, 17, 17, 17},
	{21, 21, 21, 21, 21, 21, 21, 21, 21, 21, 0, 0, 0, 0, 0, 0, 0, 0, 0, 0, 21, 21, 21, 21, 21, 21, 21, 21, 21, 21, 0, 0, 0, 0, 0, 0, 0, 0, 0, 0, 21, 21, 21, 21, 21, 21, 21, 21, 21, 21, 17, 17, 17, 17, 17, 17, 17, 17, 17, 17, 4, 4, 4, 4, 4, 4, 4, 4, 4, 4, 17, 17, 17, 17, 17, 17, 17, 17, 17, 17, 4, 4, 4, 4, 4, 4, 4, 4, 4, 4, 17, 17, 17, 17, 17, 17, 17, 17, 17, 17},
	{0, 0, 0, 0, 0, 0, 0, 0, 0, 0, 21, 21, 21, 21, 21, 21, 21, 21, 21, 21, 1, 1, 1, 1, 1, 1, 1, 1, 1, 1, 21, 21, 21, 21, 21, 21, 21, 21, 21, 21, 0, 0, 0, 0, 0, 0, 0, 0, 0, 0, 5, 5, 5, 5, 5, 5, 5, 5, 5, 5, 16, 16, 16, 16, 16, 16, 16, 16, 16, 16, 1, 1, 1, 1, 1, 1, 1, 1, 1, 1, 16, 16, 16, 16, 16, 16, 16, 16, 16, 16, 0, 0, 0, 0, 0, 0, 0, 0, 0, 0},
	{0, 0, 0, 0, 0, 0, 0, 0, 0, 0, 21, 21, 21, 21, 21, 21, 21, 21, 21, 21, 1, 1, 1, 1, 1, 1, 1, 1, 1, 1, 21, 21, 21, 21, 21, 21, 21, 21, 21, 21, 0, 0, 0, 0, 0, 0, 0, 0, 0, 0, 5, 5, 5, 5, 5, 5, 5, 5, 5, 5, 16, 16, 16, 16, 16, 16, 16, 16, 16, 16, 1, 1, 1, 1, 1, 1, 1, 1, 1, 1, 16, 16, 16, 16, 16, 16, 16, 16, 16, 16, 0, 0, 0, 0, 0, 0, 0, 0, 0, 0},
	{0, 0, 0, 0, 0, 0, 0, 0, 0, 0, 21, 21, 21, 21, 21, 21, 21, 21, 21, 21, 1, 1, 1, 1, 1, 1, 1, 1, 1, 1, 21, 21, 21, 21, 21, 21, 21, 21, 21, 21, 0, 0, 0, 0, 0, 0, 0, 0, 0, 0, 5, 5, 5, 5, 5, 5, 5, 5, 5, 5, 16, 16, 16, 16, 16, 16, 16, 16, 16, 16, 1, 1, 1, 1, 1, 1, 1, 1, 1, 1, 16, 16, 16, 16, 16, 16, 16, 16, 16, 16, 0, 0, 0, 0, 0, 0, 0, 0, 0, 0},
	{0, 0, 0, 0, 0, 0, 0, 0, 0, 0, 21, 21, 21, 21, 21, 21, 21, 21, 21, 21, 1, 1, 1, 1, 1, 1, 1, 1, 1, 1, 21, 21, 21, 21, 21, 21, 21, 21, 21, 21, 0, 0, 0, 0, 0, 0, 0, 0, 0, 0, 5, 5, 5, 5, 5, 5, 5, 5, 5, 5, 16, 16, 16, 16, 16, 16, 16, 16, 16, 16, 1, 1, 1, 1, 1, 1, 1, 1, 1, 1, 16, 16, 16, 16, 16, 16, 16, 16, 16, 16, 0, 0, 0, 0, 0, 0, 0, 0, 0, 0},
	{0, 0, 0, 0, 0, 0, 0, 0, 0, 0, 21, 21, 21, 21, 21, 21, 21, 21, 21, 21, 1, 1, 1, 1, 1, 1, 1, 1, 1, 1, 21, 21, 21, 21, 21, 21, 21, 21, 21, 21, 0, 0, 0, 0, 0, 0, 0, 0, 0, 0, 5, 5, 5, 5, 5, 5, 5, 5, 5, 5, 16, 16, 16, 16, 16, 16, 16, 16, 16, 16, 1, 1, 1, 1, 1, 1, 1, 1, 1, 1, 16, 16, 16, 16, 16, 16, 16, 16, 16, 16, 0, 0, 0, 0, 0, 0, 0, 0, 0, 0},
	{0, 0, 0, 0, 0, 0, 0, 0, 0, 0, 21, 21, 21, 21, 21, 21, 21, 21, 21, 21, 1, 1, 1, 1, 1, 1, 1, 1, 1, 1, 21, 21, 21, 21, 21, 21, 21, 21, 21, 21, 0, 0, 0, 0, 0, 0, 0, 0, 0, 0, 5, 5, 5, 5, 5, 5, 5, 5, 5, 5, 16, 16, 16, 16, 16, 16, 16, 16, 16, 16, 1, 1, 1, 1, 1, 1, 1, 1, 1, 1, 16, 16, 16, 16, 16, 16, 16, 16, 16, 16, 0, 0, 0, 0, 0, 0, 0, 0, 0, 0},
	{0, 0, 0, 0, 0, 0, 0, 0, 0, 0, 21, 21, 21, 21, 21, 21, 21, 21, 21, 21, 1, 1, 1, 1, 1, 1, 1, 1, 1, 1, 21, 21, 21, 21, 21, 21, 21, 21, 21, 21, 0, 0, 0, 0, 0, 0, 0, 0, 0, 0, 5, 5, 5, 5, 5, 5, 5, 5, 5, 5, 16, 16, 16, 16, 16, 16, 16, 16, 16, 16, 1, 1, 1, 1, 1, 1, 1, 1, 1, 1, 16, 16, 16, 16, 16, 16, 16, 16, 16, 16, 0, 0, 0, 0, 0, 0, 0, 0, 0, 0},
	{0, 0, 0, 0, 0, 0, 0, 0, 0, 0, 21, 21, 21, 21, 21, 21, 21, 21, 21, 21, 1, 1, 1, 1, 1, 1, 1, 1, 1, 1, 21, 21, 21, 21, 21, 21, 21, 21, 21, 21, 0, 0, 0, 0, 0, 0, 0, 0, 0, 0, 5, 5, 5, 5, 5, 5, 5, 5, 5, 5, 16, 16, 16, 16, 16, 16, 16, 16, 16, 16, 1, 1, 1, 1, 1, 1, 1, 1, 1, 1, 16, 16, 16, 16, 16, 16, 16, 16, 16, 16, 0, 0, 0, 0, 0, 0, 0, 0, 0, 0},
	{0, 0, 0, 0, 0, 0, 0, 0, 0, 0, 21, 21, 21, 21, 21, 21, 21, 21, 21, 21, 1, 1, 1, 1, 1, 1, 1, 1, 1, 1, 21, 21, 21, 21, 21, 21, 21, 21, 21, 21, 0, 0, 0, 0, 0, 0, 0, 0, 0, 0, 5, 5, 5, 5, 5, 5, 5, 5, 5, 5, 16, 16, 16, 16, 16, 16, 16, 16, 16, 16, 1, 1, 1, 1, 1, 1, 1, 1, 1, 1, 16, 16, 16, 16, 16, 16, 16, 16, 16, 16, 0, 0, 0, 0, 0, 0, 0, 0, 0, 0},
	{0, 0, 0, 0, 0, 0, 0, 0, 0, 0, 21, 21, 21, 21, 21, 21, 21, 21, 21, 21, 1, 1, 1, 1, 1, 1, 1, 1, 1, 1, 21, 21, 21, 21, 21, 21, 21, 21, 21, 21, 0, 0, 0, 0, 0, 0, 0, 0, 0, 0, 5, 5, 5, 5, 5, 5, 5, 5, 5, 5, 16, 16, 16, 16, 16, 16, 16, 16, 16, 16, 1, 1, 1, 1, 1, 1, 1, 1, 1, 1, 16, 16, 16, 16, 16, 16, 16, 16, 16, 16, 0, 0, 0, 0, 0, 0, 0, 0, 0, 0},
	{21, 21, 21, 21, 21, 21, 21, 21, 21, 21, 1, 1, 1, 1, 1, 1, 1, 1, 1, 1, 21, 21, 21, 21, 21, 21, 21, 21, 21, 21, 0, 0, 0, 0, 0, 0, 0, 0, 0, 0, 21, 21, 21, 21, 21, 21, 21, 21, 21, 21, 16, 16, 16, 16, 16, 16, 16, 16, 16, 16, 5, 5, 5, 5, 5, 5, 5, 5, 5, 5, 16, 16, 16, 16, 16, 16, 16, 16, 16, 16, 4, 4, 4, 4, 4, 4, 4, 4, 4, 4, 17, 17, 17, 17, 17, 17, 17, 17, 17, 17},
	{21, 21, 21, 21, 21, 21, 21, 21, 21, 21, 1, 1, 1, 1, 1, 1, 1, 1, 1, 1, 21, 21, 21, 21, 21, 21, 21, 21, 21, 21, 0, 0, 0, 0, 0, 0, 0, 0, 0, 0, 21, 21, 21, 21, 21, 21, 21, 21, 21, 21, 16, 16, 16, 16, 16, 16, 16, 16, 16, 16, 5, 5, 5, 5, 5, 5, 5, 5, 5, 5, 16, 16, 16, 16, 16, 16, 16, 16, 16, 16, 4, 4, 4, 4, 4, 4, 4, 4, 4, 4, 17, 17, 17, 17, 17, 17, 17, 17, 17, 17},
	{21, 21, 21, 21, 21, 21, 21, 21, 21, 21, 1, 1, 1, 1, 1, 1, 1, 1, 1, 1, 21, 21, 21, 21, 21, 21, 21, 21, 21, 21, 0, 0, 0, 0, 0, 0, 0, 0, 0, 0, 21, 21, 21, 21, 21, 21, 21, 21, 21, 21, 16, 16, 16, 16, 16, 16, 16, 16, 16, 16, 5, 5, 5, 5, 5, 5, 5, 5, 5, 5, 16, 16, 16, 16, 16, 16, 16, 16, 16, 16, 4, 4, 4, 4, 4, 4, 4, 4, 4, 4, 17, 17, 17, 17, 17, 17, 17, 17, 17, 17},
	{21, 21, 21, 21, 21, 21, 21, 21, 21, 21, 1, 1, 1, 1, 1, 1, 1, 1, 1, 1, 21, 21, 21, 21, 21, 21, 21, 21, 21, 21, 0, 0, 0, 0, 0, 0, 0, 0, 0, 0, 21, 21, 21, 21, 21, 21, 21, 21, 21, 21, 16, 16, 16, 16, 16, 16, 16, 16, 16, 16, 5, 5, 5, 5, 5, 5, 5, 5, 5, 5, 16, 16, 16, 16, 16, 16, 16, 16, 16, 16, 4, 4, 4, 4, 4, 4, 4, 4, 4, 4, 17, 17, 17, 17, 17, 17, 17, 17, 17, 17},
	{21, 21, 21, 21, 21, 21, 21, 21, 21, 21, 1, 1, 1, 1, 1, 1, 1, 1, 1, 1, 21, 21, 21, 21, 21, 21, 21, 21, 21, 21, 0, 0, 0, 0, 0, 0, 0, 0, 0, 0, 21, 21, 21, 21, 21, 21, 21, 21, 21, 21, 16, 16, 16, 16, 16, 16, 16, 16, 16, 16, 5, 5, 5, 5, 5, 5, 5, 5, 5, 5, 16, 16, 16, 16, 16, 16, 16, 16, 16, 16, 4, 4, 4, 4, 4, 4, 4, 4, 4, 4, 17, 17, 17, 17, 17, 17, 17, 17, 17, 17},
	{21, 21, 21, 21, 21, 21, 21, 21, 21, 21, 1, 1, 1, 1, 1, 1, 1, 1, 1, 1, 21, 21, 21, 21, 21, 21, 21, 21, 21, 21, 0, 0, 0, 0, 0, 0, 0, 0, 0, 0, 21, 21, 21, 21, 21, 21, 21, 21, 21, 21, 16, 16, 16, 16, 16, 16, 16, 16, 16, 16, 5, 5, 5, 5, 5, 5, 5, 5, 5, 5, 16, 16, 16, 16, 16, 16, 16, 16, 16, 16, 4, 4, 4, 4, 4, 4, 4, 4, 4, 4, 17, 17, 17, 17, 17, 17, 17, 17, 17, 17},
	{21, 21, 21, 21, 21, 21, 21, 21, 21, 21, 1, 1, 1, 1, 1, 1, 1, 1, 1, 1, 21, 21, 21, 21, 21, 21, 21, 21, 21, 21, 0, 0, 0, 0, 0, 0, 0, 0, 0, 0, 21, 21, 21, 21, 21, 21, 21, 21, 21, 21, 16, 16, 16, 16, 16, 16, 16, 16, 16, 16, 5, 5, 5, 5, 5, 5, 5, 5, 5, 5, 16, 16, 16, 16, 16, 16, 16, 16, 16, 16, 4, 4, 4, 4, 4, 4, 4, 4, 4, 4, 17, 17, 17, 17, 17, 17, 17, 17, 17, 17},
	{21, 21, 21, 21, 21, 21, 21, 21, 21, 21, 1, 1, 1, 1, 1, 1, 1, 1, 1, 1, 21, 21, 21, 21, 21, 21, 21, 21, 21, 21, 0, 0, 0, 0, 0, 0, 0, 0, 0, 0, 21, 21, 21, 21, 21, 21, 21, 21, 21, 21, 16, 16, 16, 16, 16, 16, 16, 16, 16, 16, 5, 5, 5, 5, 5, 5, 5, 5, 5, 5, 16, 16, 16, 16, 16, 16, 16, 16, 16, 16, 4, 4, 4, 4, 4, 4, 4, 4, 4, 4, 17, 17, 17, 17, 17, 17, 17, 17, 17, 17},
	{21, 21, 21, 21, 21, 21, 21, 21, 21, 21, 1, 1, 1, 1, 1, 1, 1, 1, 1, 1, 21, 21, 21, 21, 21, 21, 21, 21, 21, 21, 0, 0, 0, 0, 0, 0, 0, 0, 0, 0, 21, 21, 21, 21, 21, 21, 21, 21, 21, 21, 16, 16, 16, 16, 16, 16, 16, 16, 16, 16, 5, 5, 5, 5, 5, 5, 5, 5, 5, 5, 16, 16, 16, 16, 16, 16, 16, 16, 16, 16, 4, 4, 4, 4, 4, 4, 4, 4, 4, 4, 17, 17, 17, 17, 17, 17, 17, 17, 17, 17},
	{21, 21, 21, 21, 21, 21, 21, 21, 21, 21, 1, 1, 1, 1, 1, 1, 1, 1, 1, 1, 21, 21, 21, 21, 21, 21, 21, 21, 21, 21, 0, 0, 0, 0, 0, 0, 0, 0, 0, 0, 21, 21, 21, 21, 21, 21, 21, 21, 21, 21, 16, 16, 16, 16, 16, 16, 16, 16, 16, 16, 5, 5, 5, 5, 5, 5, 5, 5, 5, 5, 16, 16, 16, 16, 16, 16, 16, 16, 16, 16, 4, 4, 4, 4, 4, 4, 4, 4, 4, 4, 17, 17, 17, 17, 17, 17, 17, 17, 17, 17},
	{1, 1, 1, 1, 1, 1, 1, 1, 1, 1, 20, 20, 20, 20, 20, 20, 20, 20, 20, 20, 1, 1, 1, 1, 1, 1, 1, 1, 1, 1, 21, 21, 21, 21, 21, 21, 21, 21, 21, 21, 1, 1, 1, 1, 1, 1, 1, 1, 1, 1, 17, 17, 17, 17, 17, 17, 17, 17, 17, 17, 16, 16, 16, 16, 16, 16, 16, 16, 16, 16, 1, 1, 1, 1, 1, 1, 1, 1, 1, 1, 17, 17, 17, 17, 17, 17, 17, 17, 17, 17, 0, 0, 0, 0, 0, 0, 0, 0, 0, 0},
	{1, 1, 1, 1, 1, 1, 1, 1, 1, 1, 20, 20, 20, 20, 20, 20, 20, 20, 20, 20, 1, 1, 1, 1, 1, 1, 1, 1, 1, 1, 21, 21, 21, 21, 21, 21, 21, 21, 21, 21, 1, 1, 1, 1, 1, 1, 1, 1, 1, 1, 17, 17, 17, 17, 17, 17, 17, 17, 17, 17, 16, 16, 16, 16, 16, 16, 16, 16, 16, 16, 1, 1, 1, 1, 1, 1, 1, 1, 1, 1, 17, 17, 17, 17, 17, 17, 17, 17, 17, 17, 0, 0, 0, 0, 0, 0, 0, 0, 0, 0},
	{1, 1, 1, 1, 1, 1, 1, 1, 1, 1, 20, 20, 20, 20, 20, 20, 20, 20, 20, 20, 1, 1, 1, 1, 1, 1, 1, 1, 1, 1, 21, 21, 21, 21, 21, 21, 21, 21, 21, 21, 1, 1, 1, 1, 1, 1, 1, 1, 1, 1, 17, 17, 17, 17, 17, 17, 17, 17, 17, 17, 16, 16, 16, 16, 16, 16, 16, 16, 16, 16, 1, 1, 1, 1, 1, 1, 1, 1, 1, 1, 17, 17, 17, 17, 17, 17, 17, 17, 17, 17, 0, 0, 0, 0, 0, 0, 0, 0, 0, 0},
	{1, 1, 1, 1, 1, 1, 1, 1, 1, 1, 20, 20, 20, 20, 20, 20, 20, 20, 20, 20, 1, 1, 1, 1, 1, 1, 1, 1, 1, 1, 21, 21, 21, 21, 21, 21, 21, 21, 21, 21, 1, 1, 1, 1, 1, 1, 1, 1, 1, 1, 17, 17, 17, 17, 17, 17, 17, 17, 17, 17, 16, 16, 16, 16, 16, 16, 16, 16, 16, 16, 1, 1, 1, 1, 1, 1, 1, 1, 1, 1, 17, 17, 17, 17, 17, 17, 17, 17, 17, 17, 0, 0, 0, 0, 0, 0, 0, 0, 0, 0},
	{1, 1, 1, 1, 1, 1, 1, 1, 1, 1, 20, 20, 20, 20, 20, 20, 20, 20, 20, 20, 1, 1, 1, 1, 1, 1, 1, 1, 1, 1, 21, 21, 21, 21, 21, 21, 21, 21, 21, 21, 1, 1, 1, 1, 1, 1, 1, 1, 1, 1, 17, 17, 17, 17, 17, 17, 17, 17, 17, 17, 16, 16, 16, 16, 16, 16, 16, 16, 16, 16, 1, 1, 1, 1, 1, 1, 1, 1, 1, 1, 17, 17, 17, 17, 17, 17, 17, 17, 17, 17, 0, 0, 0, 0, 0, 0, 0, 0, 0, 0},
	{1, 1, 1, 1, 1, 1, 1, 1, 1, 1, 20, 20, 20, 20, 20, 20, 20, 20, 20, 20, 1, 1, 1, 1, 1, 1, 1, 1, 1, 1, 21, 21, 21, 21, 21, 21, 21, 21, 21, 21, 1, 1, 1, 1, 1, 1, 1, 1, 1, 1, 17, 17, 17, 17, 17, 17, 17, 17, 17, 17, 16, 16, 16, 16, 16, 16, 16, 16, 16, 16, 1, 1, 1, 1, 1, 1, 1, 1, 1, 1, 17, 17, 17, 17, 17, 17, 17, 17, 17, 17, 0, 0, 0, 0, 0, 0, 0, 0, 0, 0},
	{1, 1, 1, 1, 1, 1, 1, 1, 1, 1, 20, 20, 20, 20, 20, 20, 20, 20, 20, 20, 1, 1, 1, 1, 1, 1, 1, 1, 1, 1, 21, 21, 21, 21, 21, 21, 21, 21, 21, 21, 1, 1, 1, 1, 1, 1, 1, 1, 1, 1, 17, 17, 17, 17, 17, 17, 17, 17, 17, 17, 16, 16, 16, 16, 16, 16, 16, 16, 16, 16, 1, 1, 1, 1, 1, 1, 1, 1, 1, 1, 17, 17, 17, 17, 17, 17, 17, 17, 17, 17, 0, 0, 0, 0, 0, 0, 0, 0, 0, 0},
	{1, 1, 1, 1, 1, 1, 1, 1, 1, 1, 20, 20, 20, 20, 20, 20, 20, 20, 20, 20, 1, 1, 1, 1, 1, 1, 1, 1, 1, 1, 21, 21, 21, 21, 21, 21, 21, 21, 21, 21, 1, 1, 1, 1, 1, 1, 1, 1, 1, 1, 17, 17, 17, 17, 17, 17, 17, 17, 17, 17, 16, 16, 16, 16, 16, 16, 16, 16, 16, 16, 1, 1, 1, 1, 1, 1, 1, 1, 1, 1, 17, 17, 17, 17, 17, 17, 17, 17, 17, 17, 0, 0, 0, 0, 0, 0, 0, 0, 0, 0},
	{1, 1, 1, 1, 1, 1, 1, 1, 1, 1, 20, 20, 20, 20, 20, 20, 20, 20, 20, 20, 1, 1, 1, 1, 1, 1, 1, 1, 1, 1, 21, 21, 21, 21, 21, 21, 21, 21, 21, 21, 1, 1, 1, 1, 1, 1, 1, 1, 1, 1, 17, 17, 17, 17, 17, 17, 17, 17, 17, 17, 16, 16, 16, 16, 16, 16, 16, 16, 16, 16, 1, 1, 1, 1, 1, 1, 1, 1, 1, 1, 17, 17, 17, 17, 17, 17, 17, 17, 17, 17, 0, 0, 0, 0, 0, 0, 0, 0, 0, 0},
	{1, 1, 1, 1, 1, 1, 1, 1, 1, 1, 20, 20, 20, 20, 20, 20, 20, 20, 20, 20, 1, 1, 1, 1, 1, 1, 1, 1, 1, 1, 21, 21, 21, 21, 21, 21, 21, 21, 21, 21, 1, 1, 1, 1, 1, 1, 1, 1, 1, 1, 17, 17, 17, 17, 17, 17, 17, 17, 17, 17, 16, 16, 16, 16, 16, 16, 16, 16, 16, 16, 1, 1, 1, 1, 1, 1, 1, 1, 1, 1, 17, 17, 17, 17, 17, 17, 17, 17, 17, 17, 0, 0, 0, 0, 0, 0, 0, 0, 0, 0},
	{1, 1, 1, 1, 1, 1, 1, 1, 1, 1, 20, 20, 20, 20, 20, 20, 20, 20, 20, 20, 1, 1, 1, 1, 1, 1, 1, 1, 1, 1, 16, 16, 16, 16, 16, 16, 16, 16, 16, 16, 4, 4, 4, 4, 4, 4, 4, 4, 4, 4, 1, 1, 1, 1, 1, 1, 1, 1, 1, 1, 20, 20, 20, 20, 20, 20, 20, 20, 20, 20, 16, 16, 16, 16, 16, 16, 16, 16, 16, 16, 4, 4, 4, 4, 4, 4, 4, 4, 4, 4, 17, 17, 17, 17, 17, 17, 17, 17, 17, 17},
	{1, 1, 1, 1, 1, 1, 1, 1, 1, 1, 20, 20, 20, 20, 20, 20, 20, 20, 20, 20, 1, 1, 1, 1, 1, 1, 1, 1, 1, 1, 16, 16, 16, 16, 16, 16, 16, 16, 16, 16, 4, 4, 4, 4, 4, 4, 4, 4, 4, 4, 1, 1, 1, 1, 1, 1, 1, 1, 1, 1, 20, 20, 20, 20, 20, 20, 20, 20, 20, 20, 16, 16, 16, 16, 16, 16, 16, 16, 16, 16, 4, 4, 4, 4, 4, 4, 4, 4, 4, 4, 17, 17, 17, 17, 17, 17, 17, 17, 17, 17},
	{1, 1, 1, 1, 1, 1, 1, 1, 1, 1, 20, 20, 20, 20, 20, 20, 20, 20, 20, 20, 1, 1, 1, 1, 1, 1, 1, 1, 1, 1, 16, 16, 16, 16, 16, 16, 16, 16, 16, 16, 4, 4, 4, 4, 4, 4, 4, 4, 4, 4, 1, 1, 1, 1, 1, 1, 1, 1, 1, 1, 20, 20, 20, 20, 20, 20, 20, 20, 20, 20, 16, 16, 16, 16, 16, 16, 16, 16, 16, 16, 4, 4, 4, 4, 4, 4, 4, 4, 4, 4, 17, 17, 17, 17, 17, 17, 17, 17, 17, 17},
	{1, 1, 1, 1, 1, 1, 1, 1, 1, 1, 20, 20, 20, 20, 20, 20, 20, 20, 20, 20, 1, 1, 1, 1, 1, 1, 1, 1, 1, 1, 16, 16, 16, 16, 16, 16, 16, 16, 16, 16, 4, 4, 4, 4, 4, 4, 4, 4, 4, 4, 1, 1, 1, 1, 1, 1, 1, 1, 1, 1, 20, 20, 20, 20, 20, 20, 20, 20, 20, 20, 16, 16, 16, 16, 16, 16, 16, 16, 16, 16, 4, 4, 4, 4, 4, 4, 4, 4, 4, 4, 17, 17, 17, 17, 17, 17, 17, 17, 17, 17},
	{1, 1, 1, 1, 1, 1, 1, 1, 1, 1, 20, 20, 20, 20, 20, 20, 20, 20, 20, 20, 1, 1, 1, 1, 1, 1, 1, 1, 1, 1, 16, 16, 16, 16, 16, 16, 16, 16, 16, 16, 4, 4, 4, 4, 4, 4, 4, 4, 4, 4, 1, 1, 1, 1, 1, 1, 1, 1, 1, 1, 20, 20, 20, 20, 20, 20, 20, 20, 20, 20, 16, 16, 16, 16, 16, 16, 16, 16, 16, 16, 4, 4, 4, 4, 4, 4, 4, 4, 4, 4, 17, 17, 17, 17, 17, 17, 17, 17, 17, 17},
	{1, 1, 1, 1, 1, 1, 1, 1, 1, 1, 20, 20, 20, 20, 20, 20, 20, 20, 20, 20, 1, 1, 1, 1, 1, 1, 1, 1, 1, 1, 16, 16, 16, 16, 16, 16, 16, 16, 16, 16, 4, 4, 4, 4, 4, 4, 4, 4, 4, 4, 1, 1, 1, 1, 1, 1, 1, 1, 1, 1, 20, 20, 20, 20, 20, 20, 20, 20, 20, 20, 16, 16, 16, 16, 16, 16, 16, 16, 16, 16, 4, 4, 4, 4, 4, 4, 4, 4, 4, 4, 17, 17, 17, 17, 17, 17, 17, 17, 17, 17},
	{1, 1, 1, 1, 1, 1, 1, 1, 1, 1, 20, 20, 20, 20, 20, 20, 20, 20, 20, 20, 1, 1, 1, 1, 1, 1, 1, 1, 1, 1, 16, 16, 16, 16, 16, 16, 16, 16, 16, 16, 4, 4, 4, 4, 4, 4, 4, 4, 4, 4, 1, 1, 1, 1, 1, 1, 1, 1, 1, 1, 20, 20, 20, 20, 20, 20, 20, 20, 20, 20, 16, 16, 16, 16, 16, 16, 16, 16, 16, 16, 4, 4, 4, 4, 4, 4, 4, 4, 4, 4, 17, 17, 17, 17, 17, 17, 17, 17, 17, 17},
	{1, 1, 1, 1, 1, 1, 1, 1, 1, 1, 20, 20, 20, 20, 20, 20, 20, 20, 20, 20, 1, 1, 1, 1, 1, 1, 1, 1, 1, 1, 16, 16, 16, 16, 16, 16, 16, 16, 16, 16, 4, 4, 4, 4, 4, 4, 4, 4, 4, 4, 1, 1, 1, 1, 1, 1, 1, 1, 1, 1, 20, 20, 20, 20, 20, 20, 20, 20, 20, 20, 16, 16, 16, 16, 16, 16, 16, 16, 16, 16, 4, 4, 4, 4, 4, 4, 4, 4, 4, 4, 17, 17, 17, 17, 17, 17, 17, 17, 17, 17},
	{1, 1, 1, 1, 1, 1, 1, 1, 1, 1, 20, 20, 20, 20, 20, 20, 20, 20, 20, 20, 1, 1, 1, 1, 1, 1, 1, 1, 1, 1, 16, 16, 16, 16, 16, 16, 16, 16, 16, 16, 4, 4, 4, 4, 4, 4, 4, 4, 4, 4, 1, 1, 1, 1, 1, 1, 1, 1, 1, 1, 20, 20, 20, 20, 20, 20, 20, 20, 20, 20, 16, 16, 16, 16, 16, 16, 16, 16, 16, 16, 4, 4, 4, 4, 4, 4, 4, 4, 4, 4, 17, 17, 17, 17, 17, 17, 17, 17, 17, 17},
	{1, 1, 1, 1, 1, 1, 1, 1, 1, 1, 20, 20, 20, 20, 20, 20, 20, 20, 20, 20, 1, 1, 1, 1, 1, 1, 1, 1, 1, 1, 16, 16, 16, 16, 16, 16, 16, 16, 16, 16, 4, 4, 4, 4, 4, 4, 4, 4, 4, 4, 1, 1, 1, 1, 1, 1, 1, 1, 1, 1, 20, 20, 20, 20, 20, 20, 20, 20, 20, 20, 16, 16, 16, 16, 16, 16, 16, 16, 16, 16, 4, 4, 4, 4, 4, 4, 4, 4, 4, 4, 17, 17, 17, 17, 17, 17, 17, 17, 17, 17},
	{20, 20, 20, 20, 20, 20, 20, 20, 20, 20, 1, 1, 1, 1, 1, 1, 1, 1, 1, 1, 20, 20, 20, 20, 20, 20, 20, 20, 20, 20, 5, 5, 5, 5, 5, 5, 5, 5, 5, 5, 17, 17, 17, 17, 17, 17, 17, 17, 17, 17, 20, 20, 20, 20, 20, 20, 20, 20, 20, 20, 1, 1, 1, 1, 1, 1, 1, 1, 1, 1, 0, 0, 0, 0, 0, 0, 0, 0, 0, 0, 17, 17, 17, 17, 17, 17, 17, 17, 17, 17, 16, 16, 16, 16, 16, 16, 16, 16, 16, 16},
	{20, 20, 20, 20, 20, 20, 20, 20, 20, 20, 1, 1, 1, 1, 1, 1, 1, 1, 1, 1, 20, 20, 20, 20, 20, 20, 20, 20, 20, 20, 5, 5, 5, 5, 5, 5, 5, 5, 5, 5, 17, 17, 17, 17, 17, 17, 17, 17, 17, 17, 20, 20, 20, 20, 20, 20, 20, 20, 20, 20, 1, 1, 1, 1, 1, 1, 1, 1, 1, 1, 0, 0, 0, 0, 0, 0, 0, 0, 0, 0, 17, 17, 17, 17, 17, 17, 17, 17, 17, 17, 16, 16, 16, 16, 16, 16, 16, 16, 16, 16},
	{20, 20, 20, 20, 20, 20, 20, 20, 20, 20, 1, 1, 1, 1, 1, 1, 1, 1, 1, 1, 20, 20, 20, 20, 20, 20, 20, 20, 20, 20, 5, 5, 5, 5, 5, 5, 5, 5, 5, 5, 17, 17, 17, 17, 17, 17, 17, 17, 17, 17, 20, 20, 20, 20, 20, 20, 20, 20, 20, 20, 1, 1, 1, 1, 1, 1, 1, 1, 1, 1, 0, 0, 0, 0, 0, 0, 0, 0, 0, 0, 17, 17, 17, 17, 17, 17, 17, 17, 17, 17, 16, 16, 16, 16, 16, 16, 16, 16, 16, 16},
	{20, 20, 20, 20, 20, 20, 20, 20, 20, 20, 1, 1, 1, 1, 1, 1, 1, 1, 1, 1, 20, 20, 20, 20, 20, 20, 20, 20, 20, 20, 5, 5, 5, 5, 5, 5, 5, 5, 5, 5, 17, 17, 17, 17, 17, 17, 17, 17, 17, 17, 20, 20, 20, 20, 20, 20, 20, 20, 20, 20, 1, 1, 1, 1, 1, 1, 1, 1, 1, 1, 0, 0, 0, 0, 0, 0, 0, 0, 0, 0, 17, 17, 17, 17, 17, 17, 17, 17, 17, 17, 16, 16, 16, 16, 16, 16, 16, 16, 16, 16},
	{20, 20, 20, 20, 20, 20, 20, 20, 20, 20, 1, 1, 1, 1, 1, 1, 1, 1, 1, 1, 20, 20, 20, 20, 20, 20, 20, 20, 20, 20, 5, 5, 5, 5, 5, 5, 5, 5, 5, 5, 17, 17, 17, 17, 17, 17, 17, 17, 17, 17, 20, 20, 20, 20, 20, 20, 20, 20, 20, 20, 1, 1, 1, 1, 1, 1, 1, 1, 1, 1, 0, 0, 0, 0, 0, 0, 0, 0, 0, 0, 17, 17, 17, 17, 17, 17, 17, 17, 17, 17, 16, 16, 16, 16, 16, 16, 16, 16, 16, 16},
	{20, 20, 20, 20, 20, 20, 20, 20, 20, 20, 1, 1, 1, 1, 1, 1, 1, 1, 1, 1, 20, 20, 20, 20, 20, 20, 20, 20, 20, 20, 5, 5, 5, 5, 5, 5, 5, 5, 5, 5, 17, 17, 17, 17, 17, 17, 17, 17, 17, 17, 20, 20, 20, 20, 20, 20, 20, 20, 20, 20, 1, 1, 1, 1, 1, 1, 1, 1, 1, 1, 0, 0, 0, 0, 0, 0, 0, 0, 0, 0, 17, 17, 17, 17, 17, 17, 17, 17, 17, 17, 16, 16, 16, 16, 16, 16, 16, 16, 16, 16},
	{20, 20, 20, 20, 20, 20, 20, 20, 20, 20, 1, 1, 1, 1, 1, 1, 1, 1, 1, 1, 20, 20, 20, 20, 20, 20, 20, 20, 20, 20, 5, 5, 5, 5, 5, 5, 5, 5, 5, 5, 17, 17, 17, 17, 17, 17, 17, 17, 17, 17, 20, 20, 20, 20, 20, 20, 20, 20, 20, 20, 1, 1, 1, 1, 1, 1, 1, 1, 1, 1, 0, 0, 0, 0, 0, 0, 0, 0, 0, 0, 17, 17, 17, 17, 17, 17, 17, 17, 17, 17, 16, 16, 16, 16, 16, 16, 16, 16, 16, 16},
	{20, 20, 20, 20, 20, 20, 20, 20, 20, 20, 1, 1, 1, 1, 1, 1, 1, 1, 1, 1, 20, 20, 20, 20, 20, 20, 20, 20, 20, 20, 5, 5, 5, 5, 5, 5, 5, 5, 5, 5, 17, 17, 17, 17, 17, 17, 17, 17, 17, 17, 20, 20, 20, 20, 20, 20, 20, 20, 20, 20, 1, 1, 1, 1, 1, 1, 1, 1, 1, 1, 0, 0, 0, 0, 0, 0, 0, 0, 0, 0, 17, 17, 17, 17, 17, 17, 17, 17, 17, 17, 16, 16, 16, 16, 16, 16, 16, 16, 16, 16},
	{20, 20, 20, 20, 20, 20, 20, 20, 20, 20, 1, 1, 1, 1, 1, 1, 1, 1, 1, 1, 20, 20, 20, 20, 20, 20, 20, 20, 20, 20, 5, 5, 5, 5, 5, 5, 5, 5, 5, 5, 17, 17, 17, 17, 17, 17, 17, 17, 17, 17, 20, 20, 20, 20, 20, 20, 20, 20, 20, 20, 1, 1, 1, 1, 1, 1, 1, 1, 1, 1, 0, 0, 0, 0, 0, 0, 0, 0, 0, 0, 17, 17, 17, 17, 17, 17, 17, 17, 17, 17, 16, 16, 16, 16, 16, 16, 16, 16, 16, 16},
	{20, 20, 20, 20, 20, 20, 20, 20, 20, 20, 1, 1, 1, 1, 1, 1, 1, 1, 1, 1, 20, 20, 20, 20, 20, 20, 20, 20, 20, 20, 5, 5, 5, 5, 5, 5, 5, 5, 5, 5, 17, 17, 17, 17, 17, 17, 17, 17, 17, 17, 20, 20, 20, 20, 20, 20, 20, 20, 20, 20, 1, 1, 1, 1, 1, 1, 1, 1, 1, 1, 0, 0, 0, 0, 0, 0, 0, 0, 0, 0, 17, 17, 17, 17, 17, 17, 17, 17, 17, 17, 16, 16, 16, 16, 16, 16, 16, 16, 16, 16},
	{1, 1, 1, 1, 1, 1, 1, 1, 1, 1, 5, 5, 5, 5, 5, 5, 5, 5, 5, 5, 17, 17, 17, 17, 17, 17, 17, 17, 17, 17, 1, 1, 1, 1, 1, 1, 1, 1, 1, 1, 20, 20, 20, 20, 20, 20, 20, 20, 20, 20, 1, 1, 1, 1, 1, 1, 1, 1, 1, 1, 16, 16, 16, 16, 16, 16, 16, 16, 16, 16, 21, 21, 21, 21, 21, 21, 21, 21, 21, 21, 16, 16, 16, 16, 16, 16, 16, 16, 16, 16, 4, 4, 4, 4, 4, 4, 4, 4, 4, 4},
	{1, 1, 1, 1, 1, 1, 1, 1, 1, 1, 5, 5, 5, 5, 5, 5, 5, 5, 5, 5, 17, 17, 17, 17, 17, 17, 17, 17, 17, 17, 1, 1, 1, 1, 1, 1, 1, 1, 1, 1, 20, 20, 20, 20, 20, 20, 20, 20, 20, 20, 1, 1, 1, 1, 1, 1, 1, 1, 1, 1, 16, 16, 16, 16, 16, 16, 16, 16, 16, 16, 21, 21, 21, 21, 21, 21, 21, 21, 21, 21, 16, 16, 16, 16, 16, 16, 16, 16, 16, 16, 4, 4, 4, 4, 4, 4, 4, 4, 4, 4},
	{1, 1, 1, 1, 1, 1, 1, 1, 1, 1, 5, 5, 5, 5, 5, 5, 5, 5, 5, 5, 17, 17, 17, 17, 17, 17, 17, 17, 17, 17, 1, 1, 1, 1, 1, 1, 1, 1, 1, 1, 20, 20, 20, 20, 20, 20, 20, 20, 20, 20, 1, 1, 1, 1, 1, 1, 1, 1, 1, 1, 16, 16, 16, 16, 16, 16, 16, 16, 16, 16, 21, 21, 21, 21, 21, 21, 21, 21, 21, 21, 16, 16, 16, 16, 16, 16, 16, 16, 16, 16, 4, 4, 4, 4, 4, 4, 4, 4, 4, 4},
	{1, 1, 1, 1, 1, 1, 1, 1, 1, 1, 5, 5, 5, 5, 5, 5, 5, 5, 5, 5, 17, 17, 17, 17, 17, 17, 17, 17, 17, 17, 1, 1, 1, 1, 1, 1, 1, 1, 1, 1, 20, 20, 20, 20, 20, 20, 20, 20, 20, 20, 1, 1, 1, 1, 1, 1, 1, 1, 1, 1, 16, 16, 16, 16, 16, 16, 16, 16, 16, 16, 21, 21, 21, 21, 21, 21, 21, 21, 21, 21, 16, 16, 16, 16, 16, 16, 16, 16, 16, 16, 4, 4, 4, 4, 4, 4, 4, 4, 4, 4},
	{1, 1, 1, 1, 1, 1, 1, 1, 1, 1, 5, 5, 5, 5, 5, 5, 5, 5, 5, 5, 17, 17, 17, 17, 17, 17, 17, 17, 17, 17, 1, 1, 1, 1, 1, 1, 1, 1, 1, 1, 20, 20, 20, 20, 20, 20, 20, 20, 20, 20, 1, 1, 1, 1, 1, 1, 1, 1, 1, 1, 16, 16, 16, 16, 16, 16, 16, 16, 16, 16, 21, 21, 21, 21, 21, 21, 21, 21, 21, 21, 16, 16, 16, 16, 16, 16, 16, 16, 16, 16, 4, 4, 4, 4, 4, 4, 4, 4, 4, 4}
};